0 98 429 18 168 0.999996900558
0 434 766 313 463 0.999996900558
0 98 430 317 465 0.999995946884
0 97 431 168 317 0.99999076128
0 431 766 166 316 0.999974131584
0 428 676 72 165 0.997636198997
4 204 318 126 156 0.997539043427
4 540 654 271 301 0.995834946632
4 204 323 260 304 0.994005084038
0 389 725 25 190 0.111534506083
0 427 706 105 251 0.0803282856941
4 543 657 419 454 0.0722860693932
0 427 782 211 369 0.0667558908463
4 79 416 8 165 0.0644284188747
4 141 381 210 311 0.0538604557514
0 540 654 272 301 0.0500780940056
