0 432 763 10 164 0.999997735023
0 433 765 313 462 0.999997615814
0 430 767 163 313 0.999996721745
0 98 431 314 464 0.99999666214
0 95 429 166 315 0.999985933304
4 538 653 121 154 0.998817324638
0 183 429 74 169 0.998801708221
4 206 322 276 304 0.998268187046
4 264 350 140 168 0.998113274574
4 205 324 408 454 0.975645065308
0 144 431 122 248 0.11786198616
4 541 655 266 300 0.0919983386993
0 426 780 212 370 0.0860670506954
4 151 374 370 467 0.0751804411411
0 141 475 45 189 0.0702741742134
4 428 764 12 166 0.0655035376549
4 543 656 419 453 0.0652134716511
