0 430 763 11 165 0.999998569489
0 432 765 313 461 0.999998092651
0 431 767 163 312 0.999997079372
0 98 430 315 464 0.999996542931
0 96 429 167 315 0.999984443188
0 182 428 74 168 0.998174667358
4 205 320 276 304 0.998139739037
4 205 324 408 454 0.978578269482
4 540 654 266 300 0.108439236879
0 143 428 123 250 0.0970539748669
0 427 780 212 370 0.0915795862675
4 425 764 11 165 0.079696148634
4 151 374 370 467 0.0770176053047
4 543 656 419 453 0.0613972842693
0 454 686 15 106 0.0533407628536
0 141 473 46 189 0.0504457354546
