0 434 767 313 462 0.99999755621
0 98 430 316 465 0.999995827675
0 96 431 167 318 0.999981999397
0 432 767 166 315 0.999975681305
0 178 426 74 168 0.998461782932
0 430 678 72 165 0.997884750366
4 540 654 272 301 0.996168792248
4 204 323 259 303 0.99352145195
4 509 596 141 165 0.991364121437
4 264 345 145 167 0.234506607056
0 146 429 120 249 0.133280813694
0 389 727 26 190 0.120840877295
4 265 345 155 176 0.101355195045
4 543 657 419 454 0.0841277241707
0 428 707 105 253 0.079202413559
4 142 382 210 310 0.0710481703281
0 428 782 211 370 0.0697114765644
0 139 476 32 193 0.0678149163723
0 540 654 272 301 0.0516002178192
