0 433 766 313 463 0.999997198582
0 99 430 315 464 0.999996066093
0 97 430 166 316 0.999985218048
0 432 765 166 314 0.999978542328
0 430 678 72 165 0.998870372772
0 184 430 74 168 0.998283028603
4 264 351 139 168 0.997308135033
4 510 596 141 165 0.994138419628
4 540 653 273 301 0.99314904213
4 540 658 408 452 0.872693538666
0 146 431 121 251 0.153231978416
0 391 727 26 190 0.0976262390614
0 143 473 46 189 0.0909770429134
0 428 708 105 252 0.081687271595
0 429 782 212 370 0.0769050419331
4 537 617 144 166 0.0534096956253
