0 433 766 313 462 0.999997258186
0 99 430 315 464 0.999996185303
0 98 433 166 317 0.999987244606
0 432 765 166 314 0.999979734421
0 430 678 72 165 0.998829126358
0 182 429 74 168 0.998066067696
4 540 653 273 301 0.994033694267
4 510 596 141 165 0.992923855782
4 540 658 408 452 0.880205333233
0 145 430 120 250 0.145454913378
0 391 727 26 190 0.0893447101116
0 428 707 105 253 0.078747689724
0 429 782 212 370 0.0756700634956
0 143 472 47 190 0.0685959458351
4 203 320 265 302 0.0578655600548
4 538 617 144 166 0.0528872907162
