0 434 766 313 463 0.99999755621
0 98 429 18 168 0.999996781349
0 97 430 317 465 0.999995350838
0 98 432 168 316 0.999990403652
0 432 766 166 315 0.999975919724
0 430 678 72 165 0.998382687569
4 204 317 126 156 0.997420668602
4 541 654 272 301 0.99552154541
4 509 597 141 165 0.993450284004
4 204 323 260 304 0.99341404438
0 392 726 25 189 0.115179777145
0 429 707 105 253 0.0871218144894
4 543 657 419 454 0.0715148746967
0 427 782 211 370 0.0676113367081
4 79 415 8 164 0.0644173026085
4 141 381 210 311 0.0541487038136
