0 433 764 11 166 0.999996602535
0 434 767 312 463 0.999995708466
0 98 431 316 466 0.99999153614
0 433 768 162 312 0.999988675117
0 98 432 167 317 0.999984622002
0 182 428 73 168 0.998890340328
4 209 321 423 454 0.994839072227
4 542 655 272 301 0.994130134583
4 204 322 260 304 0.992388010025
4 541 658 406 450 0.949974417686
4 542 649 121 153 0.292317956686
0 144 430 120 250 0.101858317852
4 426 764 11 166 0.0670435726643
4 142 380 211 311 0.0549404919147
0 428 783 212 371 0.0547983944416
0 210 321 423 454 0.0529893636703
