0 433 765 11 166 0.999996781349
0 434 767 312 463 0.999995946884
0 98 431 316 466 0.999992311001
0 433 768 162 312 0.999989151955
0 97 432 168 317 0.999982118607
0 182 429 74 169 0.998822629452
4 263 350 140 168 0.99727833271
4 541 655 272 301 0.994722664356
4 209 320 423 454 0.994594693184
4 204 322 260 304 0.990870058537
4 540 657 406 450 0.948499321938
4 542 650 121 153 0.373463928699
0 145 431 121 249 0.131167858839
0 141 475 32 193 0.0808801949024
4 427 764 11 166 0.0658509135246
0 429 783 212 371 0.0564781725407
0 210 321 423 454 0.0538361370564
4 142 380 211 311 0.0512779355049
