0 433 765 313 461 0.999997675419
0 432 763 11 164 0.999997615814
0 431 767 163 313 0.999996542931
0 98 430 315 464 0.999996423721
0 97 430 167 315 0.999985158443
4 538 653 121 153 0.998810768127
0 182 428 73 168 0.998376369476
4 206 322 276 304 0.998134016991
4 205 324 408 454 0.976221144199
0 144 429 122 249 0.101293981075
4 541 655 266 299 0.0904775559902
0 426 780 212 370 0.0860284268856
4 151 374 370 466 0.0734651088715
4 428 764 12 166 0.0664853751659
4 543 656 419 453 0.0643095672131
4 241 321 285 307 0.0504494905472
