0 98 431 17 167 0.999997794628
0 434 766 313 463 0.999997377396
0 97 430 316 465 0.999995708466
0 97 431 168 317 0.999992132187
0 432 766 166 315 0.999973714352
0 430 678 72 165 0.998490929604
4 540 654 272 301 0.995716035366
4 510 597 141 165 0.99419605732
4 204 323 260 304 0.993233203888
0 392 726 25 189 0.101880371571
0 428 707 104 252 0.0802225768566
4 80 416 8 165 0.0777877569199
4 543 657 419 454 0.0768121182919
0 428 782 211 370 0.0657483935356
4 536 617 144 166 0.0579135417938
4 142 381 210 311 0.0542879998684
0 540 653 272 301 0.0503676831722
