0 429 763 11 164 0.999998807907
0 433 765 313 461 0.999997913837
0 98 430 315 464 0.999996840954
0 431 767 163 312 0.999996781349
0 94 428 167 314 0.999985814095
0 181 428 74 168 0.998577475548
4 205 320 276 304 0.998131811619
4 263 350 140 168 0.997208833694
4 205 323 408 454 0.97766661644
0 143 429 123 248 0.118856996298
4 540 654 265 299 0.104081988335
0 427 781 212 370 0.085054308176
4 425 764 11 165 0.0798010230064
4 150 374 370 467 0.0753829181194
0 140 474 46 188 0.0716467499733
4 543 656 419 453 0.0623241662979
4 240 320 286 307 0.0514698028564
0 454 686 15 106 0.050448179245
