0 434 766 313 462 0.999997377396
0 98 430 316 465 0.999995589256
0 95 431 167 318 0.999980986118
0 431 766 166 316 0.999974429607
0 180 429 74 168 0.998853087425
0 429 676 72 165 0.997862100601
4 540 654 272 301 0.996128439903
4 204 323 259 303 0.993587613106
4 267 348 145 167 0.215176016092
0 146 430 119 248 0.124768763781
0 388 726 25 190 0.108341038227
4 269 349 155 177 0.0852904617786
4 543 657 419 454 0.0813798308372
4 142 382 210 310 0.0729711949825
0 427 781 212 370 0.0678158700466
0 427 706 106 252 0.067516297102
0 540 654 272 301 0.0523785948753
