0 434 766 313 463 0.999997258186
0 98 430 316 465 0.999995291233
0 96 430 167 318 0.999980151653
0 432 767 166 315 0.999976038933
0 430 678 73 166 0.998199343681
0 182 430 74 168 0.997660040855
4 540 654 272 301 0.996018230915
4 509 597 141 166 0.993676304817
4 204 323 259 303 0.992609500885
0 391 727 26 190 0.109822273254
0 147 431 120 251 0.10626116395
0 141 478 31 192 0.0958413183689
4 543 657 419 454 0.0845607817173
4 142 381 210 310 0.0740888118744
0 428 706 105 252 0.0736513733864
0 428 782 211 369 0.0664165914059
0 540 654 272 301 0.0522677302361
4 537 617 144 166 0.0509054362774
