0 432 763 16 168 0.999997258186
0 434 767 312 463 0.999995946884
0 101 431 315 466 0.99999165535
0 432 771 163 313 0.999988973141
0 93 429 167 318 0.999982714653
0 182 427 74 169 0.998941659927
4 262 350 140 168 0.997856140137
4 538 656 109 154 0.996131360531
4 209 321 423 454 0.99509036541
4 541 655 272 301 0.993964314461
4 203 322 260 304 0.992512702942
4 541 658 406 450 0.945281624794
0 144 430 120 249 0.118583410978
0 141 474 32 193 0.0776467621326
4 427 761 13 168 0.0672768354416
0 429 783 212 370 0.0630250275135
4 474 711 66 162 0.0609559118748
4 141 380 211 311 0.0540498495102
0 210 321 423 454 0.0538620054722
