0 433 767 313 463 0.999997437
0 96 429 15 168 0.999997258186
0 98 430 315 465 0.999996304512
0 98 432 165 315 0.999987840652
0 432 766 163 314 0.999979496002
4 207 323 276 304 0.998496055603
0 431 679 72 165 0.998347043991
4 540 653 273 301 0.993216872215
4 200 321 105 151 0.989108920097
4 540 658 408 452 0.888318121433
0 392 727 25 190 0.0857664346695
4 143 376 65 162 0.0856338441372
0 428 708 105 252 0.0751972794533
0 429 782 212 370 0.0713520348072
4 81 416 9 165 0.0676272511482
4 241 322 285 307 0.0563600957394
