0 434 767 313 462 0.999997258186
0 95 430 15 168 0.999997198582
0 97 430 316 465 0.999996423721
0 97 430 167 315 0.999986410141
0 432 765 166 314 0.99997985363
0 430 679 72 165 0.998868346214
4 207 323 276 304 0.99854016304
4 510 596 141 165 0.994289755821
4 540 653 273 301 0.992928624153
4 200 321 107 152 0.988361239433
4 540 658 408 452 0.892709970474
0 393 727 26 189 0.100174248219
0 428 708 105 252 0.0883549153805
4 143 376 65 162 0.0824124217033
0 429 782 212 370 0.0711755752563
4 82 416 9 165 0.06764793396
4 241 322 285 307 0.0568147599697
4 537 617 144 166 0.0505354404449
