0 432 763 16 168 0.999997377396
0 434 767 312 463 0.999995589256
0 101 431 315 466 0.999992549419
0 432 770 163 313 0.999987363815
0 98 433 167 317 0.999986112118
0 179 425 73 168 0.998992323875
4 538 656 110 154 0.99617934227
4 209 321 423 454 0.99426817894
4 541 655 272 301 0.993893265724
4 204 322 260 304 0.991368412971
4 541 657 406 450 0.949509620667
0 143 429 120 249 0.101307332516
4 427 761 13 168 0.0672405660152
4 474 711 66 162 0.0583388805389
4 142 380 211 311 0.0561585128307
0 428 783 212 371 0.0543850064278
0 140 472 47 188 0.0506147146225
0 210 321 423 454 0.050323843956
